 31 
   350.0    -0.5     0.1250     0.8750
   350.0    -0.5     0.1250     0.8750
   350.0    -0.5     0.1250     0.8750
   350.0    -0.5     0.1250     0.8750
   350.0    -0.5     0.1250     0.8750
   350.0    -0.5     0.1250     0.8750
   350.0    -0.5     0.1250     0.8750
   350.0    -0.5     0.1250     0.8750
   350.0    -0.5     0.1250     0.8750
   350.0    -0.5     0.1250     0.8750
   350.0    -0.5     0.1250     0.8750
   350.0    -0.5     0.1250     0.8750
   350.0    -0.5     0.1250     0.8750
   350.0    -0.5     0.1250     0.8750
   350.0    -0.5     0.1250     0.8750
   370.0    -0.5     0.1250     0.8750
   390.0    -0.5     0.1250     0.8750
   510.0    -0.5     0.1250     0.8750
   665.0    -0.5     0.1250     0.8750
   800.0    -0.5     0.1250     0.8750
   900.0    -0.5     0.1250     0.8750
  1000.0    -0.5     0.1250     0.8750
  1000.0    -0.5     0.1250     0.8750
  1000.0    -0.5     0.1250     0.8750
  1000.0    -0.5     0.1250     0.8750
  1000.0    -0.5     0.1250     0.8750
  1100.0    -0.5     0.1250     0.8750
  1200.0    -0.5     0.1250     0.8750
  1300.0    -0.5     0.1250     0.8750
  1300.0    -0.5     0.1250     0.8750
  1300.0    -0.5     0.1250     0.8750
